1 -0.544854164831 -0.181072355628 0.913838177250 0.424977979296 0.482264857917 0.586835493974 0.492380368154
2 -0.493718212069 -0.293052382589 0.913825895823 0.370828525192 0.525062622808 0.636260457240 0.426577164867
3 -0.419899594416 -0.391554630669 0.913827899190 0.312416483264 0.561801135256 0.678297522536 0.355932432254
4 -0.326788179408 -0.472068614829 0.913826276697 0.250389427621 0.592042441299 0.712555062026 0.281169283206
5 -0.218649927956 -0.530871983825 0.913826555583 0.185478304073 0.615481763250 0.738584245065 0.203158339151
6 -0.100464442963 -0.565284198090 0.913826414390 -0.118430595672 -0.631806921815 -0.756115792904 -0.122813335093
7 0.022342018384 -0.573696326739 0.913823007814 -0.050020456544 -0.640884690153 -0.764905055626 -0.041049040578
8 0.144119905841 -0.555757744137 0.913826663537 0.018969919408 -0.642532825805 -0.764915449792 0.041183304752
9 0.259274832200 -0.512271152649 0.913835575502 0.087742350537 -0.636778650849 -0.756107385611 0.122946537853
10 0.362510573419 -0.445226693810 0.913828854335 0.155498715076 -0.623714324396 -0.738562643759 0.203287511660
11 0.449078617776 -0.357711174560 0.913824529962 0.221468743026 -0.603475396357 -0.712494586200 0.281283676187
12 0.515012815945 -0.253766016675 0.913825760315 0.284877864365 -0.576245592400 -0.678246151230 0.356044629191
13 0.557278002598 -0.138161088669 0.913837386469 0.345001318543 -0.542359522658 -0.636190429893 0.426710645869
14 0.573916165717 -0.016192466614 0.913828557543 0.401157175852 -0.502267469454 -0.586770957220 0.492443045594
15 0.564163041575 0.106515930979 0.913824954706 0.452707122943 -0.456389431004 -0.530583992433 0.552490339354
16 0.528501838328 0.224327385629 0.913826617611 0.499009297347 -0.405216940464 -0.468310699685 0.606196371551
17 0.468532616631 0.331826589476 0.913828795174 0.539578367332 -0.349391719178 -0.400624594378 0.652901636126
18 0.387038285984 0.424077545034 0.913828591989 0.573911495142 -0.289529165467 -0.328332274434 0.692095640538
19 0.287738263301 0.496824296161 0.913826266507 0.601660986573 -0.226350077351 -0.252241449546 0.723286907700
20 0.175225997918 0.546746460767 0.913827771680 0.622443722938 -0.160542883215 -0.173257912143 0.746171220501
21 0.054656007838 0.571542081053 0.913835733295 0.636045141975 -0.092886457527 -0.092272707638 0.760463300103
22 -0.068431674050 0.570052789102 0.913829885859 0.642346984448 -0.024171595631 -0.010220954642 0.765964501541
23 -0.188371128697 0.542363270911 0.913831808211 0.641238920865 0.044829094118 0.071949077506 0.762644300401
24 -0.299653263171 0.489742049435 0.913831097473 0.632742934730 0.113308758065 0.153288661993 0.750533203795
25 -0.397157350842 0.414609936476 0.913828220563 0.616956102476 0.180488746772 0.232858380306 0.729771165933
26 -0.476411703566 0.320423251802 0.913832396039 0.594045831882 0.245582839291 0.309750856854 0.700609038870
27 -0.507194464310 0.306820132966 0.668930722493 0.455492499475 0.201989365793 0.382834756359 0.777923150672
28 -0.430137153443 0.407886998811 0.668932495411 0.474510948531 0.151996270276 0.297240832096 0.814484119723
29 -0.333304986350 0.490197982740 0.668929027321 0.488066863175 0.100258479733 0.208240329005 0.841650129025
30 -0.221152304170 0.549985060425 0.668932367197 0.496006087461 0.047349492804 0.116782180295 0.859126247474
31 -0.098836301901 0.584483286238 0.668928828856 0.498221293563 -0.006089360859 0.024034190967 0.866695344391
32 0.028026156490 0.592117601865 0.668933085155 0.494699649161 -0.059458889099 -0.069012292699 0.864276692433
33 0.153598027596 0.572532449709 0.668931598896 0.485475639775 -0.112152621073 -0.161265048514 0.851897163336
34 0.272111711660 0.526635922791 0.668931451572 0.470654654615 -0.163541530224 -0.251657361909 0.829702920435
35 0.378113867224 0.456525003317 0.668932157780 0.450412651550 -0.213057076218 -0.339151513074 0.797941963289
36 0.466740387845 0.365437394281 0.668930316087 0.424974558761 -0.260109863030 -0.422734652019 0.756990685242
37 0.533906223026 0.257544836430 0.668932735852 0.394644825691 -0.304171644245 -0.501447290306 0.707308763862
38 0.576537984859 0.137818894525 0.668930753023 0.359763775677 -0.344721230284 -0.574379617907 0.649480833924
39 0.592660335077 0.011754511568 0.668932971539 0.320738000994 -0.381304468671 -0.640693830241 0.584162180204
40 0.581548158552 -0.114849597679 0.668933569172 0.278013515315 -0.413488281891 -0.699623817987 0.512115650363
41 0.543698489052 -0.236172699902 0.668932586545 0.232086824800 -0.440908807915 -0.750490584351 0.434164728713
42 0.480861668561 -0.346641764309 0.668930607747 0.183484291851 -0.463245316679 -0.792708455192 0.351213035473
43 0.395920696350 -0.441176096130 0.668930791450 0.132767541049 -0.480244252345 -0.825790400632 0.264212892110
44 0.292779823184 -0.515430347682 0.668930462208 0.080521533788 -0.491710025782 -0.849354631713 0.174167283752
45 0.176179960311 -0.565993381826 0.668931339557 0.027345029262 -0.497510350682 -0.863129811808 0.082113508673
46 0.051482583793 -0.590540090074 0.668930884148 -0.026144074074 -0.497573598196 -0.866959338998 -0.010886059619
47 -0.075581095120 -0.587942369580 0.668932555122 -0.079332158983 -0.491903996664 -0.860796618062 -0.103759572811
48 -0.199170251977 -0.558319306021 0.668929117620 -0.131607529748 -0.480563539164 -0.844714276458 -0.195437801071
49 -0.313604843968 -0.503032163703 0.668930542853 0.182362851714 0.463687488181 0.818895974118 0.284863278069
50 -0.413624624904 -0.424619787744 0.668932016769 0.231021440513 0.441466892660 0.783638635917 0.371007499933
51 -0.494631163925 -0.326693135334 0.668931511338 0.277013557608 0.414157556666 0.739352516484 0.452874004030
52 -0.552901687401 -0.213747151310 0.668932633261 0.319813230484 0.382076881169 0.686544312837 0.529522106238
53 -0.454947023750 0.178435703649 0.576496531483 0.375540356192 0.183461797032 0.421316910677 0.804862268142
54 -0.482527564912 0.077360863236 0.576499644132 0.353687860993 0.222674672442 0.505165380307 0.755068755663
55 -0.487930081864 -0.027266551018 0.576502521152 0.327754202680 0.259315385928 0.583207766237 0.696564006138
56 -0.470893596319 -0.130655087686 0.576499222699 0.298096325136 0.292957293896 0.654521143363 0.630013236197
57 -0.432233349227 -0.228021061352 0.576502692986 0.264939458904 0.323219923405 0.718287050134 0.556237069818
58 -0.373675687412 -0.314922360885 0.576498200903 0.228805631869 0.349769265962 0.773770692560 0.476012981703
60 -0.208558262959 -0.441951117918 0.576500242449 0.148966601461 0.390490004300 0.857458341745 0.300152795027
61 -0.109556433073 -0.476250179304 0.576500268967 -0.106251334490 -0.404208497741 -0.884693235417 -0.206504294098
62 -0.005519473073 -0.488658022051 0.576500412774 -0.062306829226 -0.413270646373 -0.901732010195 -0.110474493287
63 0.098768917910 -0.478603418239 0.576499238719 -0.017648185581 -0.417568430729 -0.908378536410 -0.013175044381
64 0.198519794704 -0.446550299202 0.576499297167 0.027214824390 -0.417054388633 -0.904556265078 0.084279022083
65 0.289144491095 -0.393969420502 0.576499036278 0.071766538864 -0.411733591909 -0.890309249193 0.180760764534
66 0.366478221527 -0.323280956242 0.576500285351 0.115490410051 -0.401667742537 -0.865801690336 0.275158904638
67 0.426964388345 -0.237732390464 0.576500726935 0.157886301576 -0.386971293530 -0.831316641502 0.366384736747
68 0.467828344348 -0.141255245999 0.576500857879 0.198456742509 -0.367817912019 -0.787249536139 0.453390640398
69 0.487185503957 -0.038286318977 0.576500401540 0.236745413356 -0.344421347039 -0.734110783012 0.535169976012
70 0.484151595271 0.066441232565 0.576500595201 0.272300376197 -0.317056438591 -0.672513038902 0.610781411291
71 0.458858306814 0.168119039953 0.576500131407 0.304721077798 -0.286044940738 -0.603159118065 0.679354425111
72 0.412479499555 0.262065036780 0.576500359032 0.333626766948 -0.251725012599 -0.526861171701 0.740097969300
73 0.347135036573 0.343966793341 0.576500482209 0.358690013639 -0.214514598037 -0.444485986767 0.792311282839
74 0.265836729698 0.410057527050 0.576500239955 0.379619016081 -0.174826704444 -0.356989937080 0.835394045266
75 0.172316851333 0.457299012154 0.576499679238 0.396172594766 -0.133126203778 -0.265379304366 0.868848959163
76 0.070880156720 0.483520810507 0.576500601333 0.408161309828 -0.089889284820 -0.170711613779 0.892290203104
77 -0.033819235730 0.487515970630 0.576498473011 0.415445887501 -0.045621780698 -0.074074303263 0.905448157147
78 -0.136959746974 0.469104797833 0.576500368571 0.417939681760 -0.000817685963 0.023413818029 0.908172641586
79 -0.131993151527 0.415124230593 0.285918720046 0.269996669832 0.003498586072 0.030905735253 0.962358765588
80 -0.040443052179 0.433740496175 0.285916766100 0.268787532689 -0.025466735566 -0.072525497150 0.960127470659
81 0.052946225929 0.432394173897 0.285916824082 0.264505447238 -0.054122524925 -0.175030683515 0.946821989872
82 0.143892202113 0.411168089614 0.285916406929 0.257186114101 -0.082170657806 -0.275503230027 0.922605688230
83 0.228234075824 0.371046729256 0.285916138468 0.246893123894 -0.109260096380 -0.372820916513 0.887755924184
84 0.302080666070 0.313868468907 0.285916495381 0.233758637215 -0.135098536366 -0.465837925651 0.842674499450
85 0.362046766724 0.242259680959 0.285916080768 0.217926782639 -0.159370975988 -0.553492786490 0.787879778091
86 0.405362923748 0.159522096759 0.285916713696 0.199587920687 -0.181820758606 -0.634759184339 0.724007356007
87 0.430051356200 0.069443596344 0.285915660210 0.178943332495 -0.202168449684 -0.708718358638 0.651786383593
88 0.434969378469 -0.023818892553 0.285916439938 0.156240952822 -0.220191910902 -0.774501549612 0.572059119920
89 0.419896979155 -0.115996045926 0.285916601314 0.131741295940 -0.235657135172 -0.831367986047 0.485733689755
90 0.385519637531 -0.202834504524 0.285916963354 0.105716954148 -0.248427028614 -0.878645936186 0.393813732472
91 0.333423008104 -0.280351705659 0.285916859764 0.078479560479 -0.258325258720 -0.915799769684 0.297354672305
92 0.266003367530 -0.344973521956 0.285915822884 0.050322008860 -0.265264750359 -0.942393176056 0.197477617375
93 0.186349889517 -0.393752488008 0.285916571835 0.021608549472 -0.269118853699 -0.958135946661 0.095308031610
94 0.098133485539 -0.424425864493 0.285916789681 -0.007365544290 -0.269883684291 -0.962831924463 -0.007951788790
95 0.005406647873 -0.435590385653 0.285916544395 -0.036250181596 -0.267537091965 -0.956431897554 -0.111120898570
96 -0.087565793626 -0.426731149510 0.285916846379 -0.064725075297 -0.262112587735 -0.939008215465 -0.213005228265
97 -0.176516594412 -0.398256818224 0.285916832225 0.092453199246 0.253664554711 0.910762535773 0.312439279003
98 -0.257354054653 -0.351477501351 0.285916758797 0.119108076614 0.242290456431 0.872022189061 0.408271848887
99 -0.326361295627 -0.288541451434 0.285916993780 0.144393535607 0.228126856503 0.823230645237 0.499399588465
100 -0.380361845752 -0.212344658712 0.285916594590 0.168029697047 0.211332421586 0.764953693903 0.584765315901
101 -0.416885891570 -0.126385436958 0.285916939691 0.189706326577 0.192104384835 0.697859801137 0.663399663055
102 -0.434245131709 -0.034613467555 0.285916509967 0.209207320359 0.170659688407 0.622720545668 0.734388650419
103 -0.431643546065 0.058746605481 0.285916782634 0.226293491519 0.147250989528 0.540406810729 0.796912090947
104 -0.409200693051 0.149409466533 0.285916799358 0.240769891078 0.122145474523 0.451862678556 0.850253175432
