1 -0.510296242831 0.110899476017 0.809725282396 0.434888780260 0.349784226227 0.505674353509 0.657887674371
2 -0.522182786288 -0.000445202157 0.809706130572 0.394945722742 0.394406688957 0.573295618177 0.599827786930
3 -0.510094436903 -0.111735767895 0.809713798354 0.350360022533 0.434467540479 0.634307605403 0.534920248830
4 -0.474547847515 -0.217905355016 0.809709851436 0.301785521291 0.469526542552 0.687989534649 0.463832647828
5 -0.417186987065 -0.314050095051 0.809707906324 0.249719408817 0.499177744846 0.733733034355 0.387424354173
6 -0.340655638052 -0.395765340513 0.809706046468 0.194771089197 0.523065982050 0.771040107122 0.306534426198
7 -0.248466633253 -0.459281081839 0.809708588821 0.137569207131 0.540932373989 0.799457726601 0.222113086959
8 -0.144855898404 -0.501690508723 0.809707592615 -0.078794971741 -0.552559582016 -0.818663025860 -0.135129977578
9 -0.034584727715 -0.521036890757 0.809710224851 -0.019101789402 -0.557824074634 -0.828430447176 -0.046587740794
10 0.077274945423 -0.516433288204 0.809709672990 0.040805720250 -0.556656944859 -0.828651258264 0.042485657717
11 0.185583411922 -0.488093706439 0.809708047033 0.100242483298 -0.549074543684 -0.819322142172 0.131071802332
12 0.285359612938 -0.437316183301 0.809709242597 0.158526433210 -0.535165801016 -0.800549479088 0.218145517782
13 0.372020293807 -0.366437707207 0.809708647202 0.214980961430 -0.515087917087 -0.772552230159 0.302705592232
14 0.441579965195 -0.278715791600 0.809710244398 0.268958592530 -0.489075466577 -0.735650081484 0.383777827799
15 0.490842569652 -0.178182081415 0.809709119133 0.319836575676 -0.457424102880 -0.690272143690 0.460426022950
16 0.517543972772 -0.069457897247 0.809708836622 0.367027193652 -0.420503383491 -0.636937481865 0.531769299404
17 0.520455352337 0.042459186886 0.809708807913 0.409990128893 -0.378734494634 -0.576261966820 0.596984440652
18 0.499441797786 0.152424751834 0.809709638200 0.448228200846 -0.332602358750 -0.508944948498 0.655318388509
19 0.455472849953 0.255385612826 0.809708210638 0.481299062442 -0.282637180232 -0.435761666776 0.706101413829
20 0.390565994518 0.346602494844 0.809708358911 0.508824896334 -0.229412462727 -0.357560460120 0.748744057856
21 0.307707289194 0.421893196408 0.809707886407 0.530484670701 -0.173547339676 -0.275232898023 0.782760619148
22 0.210703325395 0.477785406074 0.809710097757 0.546033614224 -0.115677802982 -0.189737347399 0.807753475410
23 0.104014994916 0.511721094463 0.809705968274 0.555284336092 -0.056481245151 -0.102055203471 0.823440289567
24 -0.007452756806 0.522130235047 0.809710084812 0.558142079908 0.003377324848 -0.013194668906 0.829633601673
25 -0.118580119420 0.508541718086 0.809707376757 0.554562052788 0.063184502091 0.075814377809 0.826269222724
26 -0.224254595329 0.471576436523 0.809709537195 0.544593964195 0.122271313025 0.163952147394 0.813379882674
27 -0.326358596519 0.445446190223 0.713394582608 0.476745233675 0.147948353148 0.255707541294 0.827912386847
28 -0.223899134763 0.504799947515 0.713402623573 0.489821791069 0.096000154451 0.165448626290 0.850579411576
29 -0.111146446572 0.540933646596 0.713407028024 0.497269274059 0.042946956911 0.073289932898 0.863427711916
30 0.006711768504 0.552189623789 0.713403386155 0.499019310042 -0.010615180515 -0.019681244303 0.866302311419
31 0.124263704336 0.538066114980 0.713404111019 0.495008414141 -0.064042872025 -0.112407128260 0.859203013256
32 0.236103774060 0.499212891675 0.713404007687 0.485286586759 -0.116735802854 -0.203873572141 0.842202616730
33 0.337089728023 0.437410832562 0.713403650246 0.469975587087 -0.168095278620 -0.292999966129 0.815486324040
34 0.422580383104 0.355504682087 0.713404350515 0.449248716902 -0.217504402446 -0.378727911517 0.779379621440
35 0.488648928804 0.257256170524 0.713403683231 0.423344809235 -0.264409005086 -0.460090674098 0.734291237951
36 0.532254664844 0.147180920850 0.713402914291 0.392562002583 -0.308266865262 -0.536147124334 0.680744353614
37 0.551395665884 0.030342798638 0.713403525251 0.357253551353 -0.348572761298 -0.606031783903 0.619348372909
38 0.545191416693 -0.087890088934 0.713404285002 0.317829187568 -0.384860309229 -0.668932316668 0.550814583709
39 0.513925203704 -0.202083841588 0.713404932602 0.274741935193 -0.416713201864 -0.724125094809 0.475930481800
40 0.459038328236 -0.306988284901 0.713405088957 0.228487724724 -0.443763954934 -0.770970748521 0.395564175420
41 0.383048680881 -0.397783246822 0.713404128839 0.179599008120 -0.465699768729 -0.808933601164 0.310635398170
42 0.289451851011 -0.470292502629 0.713404436034 0.128641616640 -0.482268769182 -0.837572567635 0.222126906711
43 0.182552062494 -0.521184261110 0.713404220977 0.076204007457 -0.493279294290 -0.856557832076 0.131061693034
44 0.067259875899 -0.548118118674 0.713404978155 0.022883591832 -0.498607359646 -0.865670873987 0.038483503768
45 -0.051125029743 -0.549858311107 0.713404082082 -0.030698891940 -0.498186429612 -0.864808316739 -0.054538378066
46 -0.167156627311 -0.526323642138 0.713403030074 -0.083924617802 -0.492025604916 -0.853978451120 -0.146929464903
47 -0.275506993829 -0.478595018577 0.713403929937 0.136186173377 0.480193612409 0.833306738558 0.237628492095
48 -0.371194288557 -0.408866924594 0.713404116268 0.186878589817 0.462827277631 0.803031012845 0.325589459532
49 -0.449815921710 -0.320347727169 0.713404743047 0.235416836321 0.440127394572 0.763501858422 0.409794707030
50 -0.507765328428 -0.217101722947 0.713404394423 0.281239280752 0.412355124679 0.715173841067 0.489279158730
51 -0.542372598520 -0.103873411986 0.713404052142 0.323823667332 0.379829418804 0.658600742441 0.563127789354
52 -0.552048960690 0.014126529104 0.713403281966 0.362674167906 0.342927264544 0.594439290317 0.630484154673
53 -0.491369870087 0.182578282022 0.596525359002 0.328195789301 0.227875506833 0.505808649555 0.764537695150
54 -0.519012465013 0.073642637515 0.596530796954 0.301843927432 0.261721490120 0.584774867613 0.705996075973
55 -0.522790450560 -0.038670334008 0.596534757209 0.272006864069 0.292580014351 0.657112993939 0.639227435502
56 -0.502523177825 -0.149226350114 0.596532367734 0.239100683582 0.320057643774 0.721848400755 0.565091898809
57 -0.459165627703 -0.252916488069 0.596533265180 0.203407034376 0.343843070179 0.778266825139 0.484456675405
58 -0.394700884992 -0.344979596802 0.596532848890 0.165377571996 0.363666613805 0.825713878092 0.398237924124
59 -0.312090834572 -0.421187463579 0.596533223928 0.125441082362 0.379298564572 0.863646088052 0.307428964741
60 -0.215138516468 -0.478032612185 0.596533640826 -0.084056592483 -0.390559800350 -0.891624596948 -0.213080054741
61 -0.108296779802 -0.512904175382 0.596533612510 -0.041706205315 -0.397319616455 -0.909328432294 -0.116273458021
62 0.003525016706 -0.524200846305 0.596533308972 0.001125847569 -0.399501851092 -0.916552531924 -0.018123456196
63 0.115182426815 -0.511403254176 0.596531465565 0.043944084735 -0.397076172293 -0.913215184475 0.080233768810
64 0.221546903823 -0.475096922554 0.596532666146 0.086257933125 -0.390078884912 -0.899351129036 0.177667045959
65 0.317727089546 -0.416952377900 0.596532695531 0.127577014517 -0.378584087406 -0.875123369662 0.273051793625
66 0.399301798731 -0.339643510284 0.596533460284 0.167425545972 -0.362727236152 -0.840809843110 0.365289537817
67 0.462523220130 -0.246721165761 0.596533079430 0.205344382346 -0.342688598945 -0.796806738639 0.453318023083
68 0.504484752965 -0.142459904731 0.596532901269 0.240896927485 -0.318701635385 -0.743620362817 0.536121902122
69 0.523257416316 -0.031647297804 0.596533023082 0.273673876851 -0.291041311573 -0.681862482780 0.612748821839
70 0.517977170555 0.080619883303 0.596532363551 0.303295208986 -0.260027044827 -0.612246648563 0.682313706068
71 0.488887260824 0.189179532228 0.596533290656 0.329422794836 -0.226017152460 -0.535575111849 0.744013554046
72 0.437324546725 0.289045111013 0.596531369016 0.351752707738 -0.189400341359 -0.452731037854 0.797139981845
73 0.365662270800 0.375620404295 0.596531910434 0.370029001638 -0.150601874860 -0.364672251469 0.841077738526
74 0.277189022818 0.444932553895 0.596533518354 0.384041851580 -0.110067951031 -0.272408166142 0.875323193689
75 0.175975755458 0.493793332414 0.596533800899 0.393628237783 -0.068262984019 -0.177003952509 0.899481281756
76 0.066673497269 0.519956529849 0.596531789126 0.398675176000 -0.025677360811 -0.079561661065 0.913273627820
77 -0.045694344386 0.522217690932 0.596533762223 0.399132035012 0.017210971211 0.018799401085 0.916539133707
78 -0.155960386363 0.500476082068 0.596532680186 0.394986039114 0.059897724675 0.116942247133 0.909242983101
79 -0.177466211178 0.423816459686 0.498746209123 0.278049506101 0.038397336523 0.181160666233 0.942547043768
80 -0.083023521642 0.451929355373 0.498747510016 0.280527705593 0.008384397696 0.078977061120 0.956554510777
81 0.015219141505 0.459240010378 0.498748098015 0.279807965307 -0.021731070741 -0.024019850743 0.959509411046
82 0.112762278820 0.445440305241 0.498748050942 0.275868689819 -0.051602630578 -0.126737905788 0.951404823265
83 0.205119959522 0.411166926045 0.498747006026 0.268747810635 -0.080878132753 -0.227985680321 0.932338925225
84 0.288051473991 0.357991492604 0.498749511251 0.258532548778 -0.109214951973 -0.326614902511 0.902527407310
85 0.357742261820 0.288362279576 0.498748323731 0.245333233915 -0.136300607145 -0.421483203402 0.862314129583
86 0.410986269333 0.205479081890 0.498749225526 0.229308828195 -0.161815268731 -0.511492476907 0.812162992376
87 0.445341728698 0.113148808720 0.498747364547 0.210639042453 -0.185465471246 -0.595609011548 0.752651086582
88 0.459224868825 0.015619542529 0.498748161637 0.189544651578 -0.206978004619 -0.672859343065 0.684465656634
89 0.452000299652 -0.082629276397 0.498748338581 0.166266049771 -0.226102450427 -0.742356400857 0.608391532412
90 0.423999362155 -0.177079216349 0.498747908135 0.141068788716 -0.242622693198 -0.803297575888 0.525306415503
91 0.376508996304 -0.263388541358 0.498748012623 0.114245613297 -0.256348291963 -0.854980102265 0.436167992614
92 0.311709802321 -0.337594575983 0.498746617119 0.086106121231 -0.267115618053 -0.896812150488 0.341998463762
93 0.232584053660 -0.396279174580 0.498748045744 0.056976594319 -0.274809371602 -0.928305212534 0.243891183444
94 0.142766667810 -0.436749810575 0.498748729692 0.027192032000 -0.279333128350 -0.949100925764 0.142972128459
95 0.046386843343 -0.457144715712 0.498748434779 -0.002907540223 -0.280638632446 -0.958958228266 0.040405700450
96 -0.052122707457 -0.456525653164 0.498748351470 -0.032979898202 -0.278709592462 -0.957763794010 -0.062624310523
97 -0.148240034806 -0.434922346781 0.498748381462 -0.062664652328 -0.273568656879 -0.945531385807 -0.164935532184
98 -0.237540037632 -0.393328159576 0.498747556795 0.091631271180 0.265273606734 0.922402679478 0.265343024411
99 -0.315923734304 -0.333653522447 0.498748433728 0.119537699656 0.253923810998 0.888642816675 0.362694611127
100 -0.379785610707 -0.258641039629 0.498747459203 0.146070464154 0.239644363668 0.844641240325 0.455867495667
101 -0.426187308569 -0.171744609892 0.498748762785 0.170918630705 0.222606786922 0.790907778423 0.543781138073
102 -0.453002669791 -0.076947009845 0.498747729412 0.193797259056 0.203000366324 0.728055539416 0.625434732950
103 -0.458993104906 0.021381489356 0.498747251599 0.214443858638 0.181053848650 0.656816453814 0.699875332742
104 -0.443886283988 0.118731659633 0.498746814359 0.232615357088 0.157022676905 0.578004913387 0.766253414142
