1 -0.544839962479 -0.181074181523 0.913826727587 0.424985230195 0.482280214583 0.586858423059 0.492331737777
2 -0.493715064150 -0.293053573478 0.913824170315 0.370834917163 0.525065730164 0.636255437405 0.426575270723
3 -0.419911698462 -0.391560853059 0.913837285782 0.312396176289 0.561776434747 0.678320610305 0.355945243034
4 -0.326790233697 -0.472069628310 0.913829503005 0.250384196741 0.592038144341 0.712559331237 0.281172169916
5 -0.218648066791 -0.530870977716 0.913825853587 0.185482864537 0.615484492785 0.738580640312 0.203159011270
6 -0.100464589073 -0.565284870687 0.913828319021 -0.118431311580 -0.631803622336 -0.756118667825 -0.122811918831
7 0.022343669300 -0.573699662445 0.913825501924 -0.050022019965 -0.640876423728 -0.764911973679 -0.041047284333
8 0.144121943771 -0.555755646073 0.913824070546 0.018964650737 -0.642539118697 -0.764910263137 0.041183884151
9 0.259277067981 -0.512257496962 0.913825275769 0.087734716981 -0.636809616799 -0.756082778976 0.122942924657
11 0.449082201158 -0.357711542531 0.913827723930 0.221461886336 -0.603469719018 -0.712501660188 0.281283336439
12 0.515013060052 -0.253765339011 0.913825391634 0.284875888168 -0.576248090182 -0.678245599626 0.356043218571
13 0.557268835470 -0.138151372218 0.913826647602 0.345008058921 -0.542391225399 -0.636168049476 0.426698266596
14 0.573915691901 -0.016189782607 0.913828380582 0.401154665496 -0.502271967578 -0.586769663731 0.492442043961
15 0.564168013981 0.106517388545 0.913826429610 0.452698000376 -0.456385320560 -0.530589435661 0.552495982245
16 0.528499571805 0.224330534761 0.913826618439 0.499007325772 -0.405223443454 -0.468308363743 0.606195452103
17 0.468531596587 0.331828218546 0.913827688937 0.539576771655 -0.349395954619 -0.400623872298 0.652901131360
18 0.387034939901 0.424077379005 0.913828070383 0.573914125319 -0.289536272513 -0.328329639085 0.692091736518
19 0.287737349019 0.496827148712 0.913825784176 0.601656855379 -0.226353796160 -0.252242207346 0.723288916114
20 0.175224331193 0.546748293868 0.913826397808 0.622443213548 -0.160544923023 -0.173256176177 0.746171609629
21 0.054655468939 0.571543375528 0.913834090935 0.636044587305 -0.092892341255 -0.092273508138 0.760462948204
22 -0.068433273352 0.570051405327 0.913827176706 0.642352599165 -0.024176837118 -0.010220940001 0.765959627707
23 -0.188373129654 0.542355903734 0.913825232106 0.641257640321 0.044820992556 0.071948217386 0.762629117836
24 -0.299653552428 0.489737396968 0.913828430551 0.632753492431 0.113304743973 0.153287205133 0.750525206474
25 -0.397157325019 0.414602540716 0.913823605762 0.616972000479 0.180485134453 0.232855683106 0.729759479357
26 -0.476410177784 0.320420707021 0.913829866780 0.594054208151 0.245582807228 0.309748340326 0.700603060397
27 -0.507196122241 0.306821840312 0.668931173292 0.455486414241 0.201989417540 0.382835653017 0.777926258988
28 -0.430135803158 0.407883836500 0.668931818454 0.474519357140 0.151995614707 0.297239010144 0.814480008139
29 -0.333305605751 0.490201748488 0.668930042559 0.488064094685 0.100255034379 0.208225818953 0.841655734777
30 -0.221152200333 0.549980985309 0.668931812044 0.496004806385 0.047358639020 0.116808180862 0.859122948266
31 -0.098837221773 0.584482443522 0.668928743470 0.498221787490 -0.006086919967 0.024039042416 0.866694943054
32 0.028026562121 0.592116543775 0.668933159461 0.494700380955 -0.059457240961 -0.069010848469 0.864276502268
33 0.153597382425 0.572533261998 0.668930683861 0.485475840520 -0.112150684279 -0.161265597847 0.851897199924
34 0.272112296654 0.526635666042 0.668931555989 0.470655112330 -0.163540991333 -0.251659413817 0.829702144645
35 0.378114465201 0.456524715307 0.668932271261 0.450413376450 -0.213056917680 -0.339152635963 0.797941119170
36 0.466740941084 0.365436784909 0.668930648757 0.424975681240 -0.260109846086 -0.422735855475 0.756989388842
37 0.533906157485 0.257543735488 0.668932911804 0.394647172719 -0.304170083967 -0.501447627559 0.707307886213
38 0.576536183868 0.137815424899 0.668932407967 0.359766960853 -0.344720895610 -0.574380602934 0.649478376069
39 0.592663428021 0.011755326912 0.668929638864 0.320734171635 -0.381303829987 -0.640694931119 0.584163492202
40 0.581547845396 -0.114849912900 0.668933475860 0.278014535401 -0.413487264435 -0.699623555042 0.512116277311
41 0.543698873128 -0.236172680705 0.668931541034 0.232087202116 -0.440908735378 -0.750489584270 0.434166329399
42 0.480862191720 -0.346640489201 0.668931206717 0.183485008592 -0.463245324200 -0.792707439352 0.351214943909
43 0.395920601528 -0.441174980017 0.668930826673 0.132766947218 -0.480245575001 -0.825789417159 0.264213860208
44 0.292778663054 -0.515431063456 0.668931427991 0.080522661805 -0.491709979060 -0.849354574680 0.174167172275
45 0.176180490209 -0.565993710794 0.668930050074 0.027344098703 -0.497509199987 -0.863130409432 0.082114508510
46 0.051482182480 -0.590539297619 0.668933188989 -0.026140803958 -0.497575402958 -0.866958413937 -0.010885092759
47 -0.075578702922 -0.587942792596 0.668928752165 -0.079333706227 -0.491902812280 -0.860797383587 -0.103757653870
48 -0.199170393081 -0.558318369365 0.668932668811 -0.131606132721 -0.480565923029 -0.844713400260 -0.195436667171
49 -0.313603918093 -0.503029544409 0.668930890694 0.182362606014 0.463690313378 0.818894853857 0.284862057027
50 -0.413624187047 -0.424620282719 0.668930541387 0.231018492040 0.441467739148 0.783640109919 0.371005215264
51 -0.494632565520 -0.326691297860 0.668931950883 0.277008321375 0.414161041100 0.739353530289 0.452872365212
52 -0.552898453240 -0.213746179429 0.668932753023 0.319814441612 0.382079612967 0.686543499264 0.529520458443
53 -0.454945741792 0.178436026018 0.576496345221 0.375538001672 0.183463450608 0.421322668303 0.804859975875
54 -0.482526806155 0.077358517900 0.576498378899 0.353691942720 0.222673877371 0.505169143795 0.755064560252
55 -0.487929423427 -0.027264704918 0.576503716960 0.327743900746 0.259321796187 0.583217752953 0.696558105391
56 -0.470892829432 -0.130656156696 0.576498701235 0.298099870311 0.292956079677 0.654521697998 0.630011547156
57 -0.432227816651 -0.228025021668 0.576501313353 0.264959272461 0.323220018574 0.718278599256 0.556238489661
58 -0.373686580160 -0.314919479951 0.576500514789 0.228786860787 0.349761867883 0.773767950910 0.476031896253
59 -0.297969971636 -0.387337015065 0.576500454698 0.189971320690 0.372270675048 0.820340179363 0.390342710881
60 -0.208552115331 -0.441950714988 0.576499797603 0.148976599189 0.390494926122 0.857456631240 0.300146316170
61 -0.109554341608 -0.476248428606 0.576500117321 -0.106252391812 -0.404211451440 -0.884693584989 -0.206496470764
62 -0.005517645199 -0.488655947204 0.576499668582 -0.062308944579 -0.413274302031 -0.901731090041 -0.110467135201
63 0.098768496742 -0.478603592089 0.576500657997 -0.017644086329 -0.417566706322 -0.908379462330 -0.013171347906
64 0.198524538278 -0.446543544229 0.576497986817 0.027207861126 -0.417065985825 -0.904550258187 0.084288351361
65 0.289144871344 -0.393966735549 0.576498498311 0.071763117397 -0.411738705992 -0.890306486229 0.180764082573
66 0.366478321393 -0.323274925412 0.576498436911 0.115485153081 -0.401680248375 -0.865795567923 0.275162119574
67 0.426965231376 -0.237730996858 0.576500350568 0.157883673386 -0.386973442746 -0.831315687064 0.366385764909
68 0.467827798272 -0.141257198355 0.576500513892 0.198457661308 -0.367816216747 -0.787250861920 0.453389311490
69 0.487185991978 -0.038285274307 0.576499938832 0.236743821170 -0.344422403854 -0.734110450771 0.535170455958
70 0.484151912554 0.066441660058 0.576501029161 0.272301718538 -0.317055043822 -0.672512966221 0.610781616892
71 0.458859994991 0.168118269582 0.576499837236 0.304719538245 -0.286041710946 -0.603161442174 0.679354412133
72 0.412476600808 0.262066671396 0.576500230115 0.333628717981 -0.251730612051 -0.526857875555 0.740097531722
73 0.347131491500 0.343968090483 0.576499087997 0.358691278102 -0.214522534287 -0.444482784781 0.792310357959
74 0.265836855152 0.410057161705 0.576499852799 0.379619350861 -0.174827858793 -0.356990372370 0.835393465546
75 0.172316413122 0.457298905117 0.576498432419 0.396173452431 -0.133130818597 -0.265378656164 0.868848058973
76 0.070879618563 0.483521279639 0.576500413015 0.408160416084 -0.089888319183 -0.170711406541 0.892290748856
77 -0.033820642912 0.487516377635 0.576498648387 0.415445918193 -0.045619775421 -0.074072606835 0.905448382882
78 -0.136962874904 0.469102455574 0.576499541362 0.417944739003 -0.000822797204 0.023417121096 0.908170224454
79 -0.131992646783 0.415126845134 0.285918429197 0.269995335343 0.003497702992 0.030897646425 0.962359402932
80 -0.040442757156 0.433741525696 0.285916552259 0.268787339859 -0.025470593069 -0.072530908075 0.960127013574
81 0.052943067022 0.432391609595 0.285916917017 0.264509987086 -0.054123255228 -0.175019252551 0.946822792930
82 0.143891596919 0.411167650278 0.285916539979 0.257187317764 -0.082167760768 -0.275497501877 0.922607321200
83 0.228230641311 0.371046143708 0.285916130553 0.246896503294 -0.109265179777 -0.372813188954 0.887757603905
84 0.302081373968 0.313868918100 0.285916702397 0.233756835802 -0.135102063918 -0.465845373043 0.842670316586
85 0.362045489461 0.242260615709 0.285915679026 0.217924334385 -0.159380533973 -0.553496169542 0.787876145200
86 0.405363009589 0.159522368479 0.285916610682 0.199585667897 -0.181824172943 -0.634762327456 0.724004363900
87 0.430051994756 0.069444379502 0.285916019894 0.178943362226 -0.202169020734 -0.708719042985 0.651785454181
88 0.434968801325 -0.023817290433 0.285916442195 0.156240461469 -0.220194871947 -0.774500282859 0.572059829406
89 0.419896054454 -0.115992270970 0.285916469351 0.131738944041 -0.235665786086 -0.831364071076 0.485736831231
90 0.385520444323 -0.202829180151 0.285916635001 0.105715401682 -0.248434643896 -0.878641052202 0.393820241919
91 0.333422874554 -0.280351004446 0.285916871777 0.078479680181 -0.258326479614 -0.915798597327 0.297357190702
92 0.266001397960 -0.344976269236 0.285916602486 0.050328518259 -0.265259438437 -0.942394837424 0.197475165440
93 0.186351003131 -0.393751419722 0.285916385976 0.021606295067 -0.269121620471 -0.958134825301 0.095312003198
94 0.098138484235 -0.424421312633 0.285916497364 -0.007375158121 -0.269892625714 -0.962829408308 -0.007944062214
95 0.005409247966 -0.435588627761 0.285916395092 -0.036256099014 -0.267541566686 -0.956430975473 -0.111116130855
96 -0.087560378197 -0.426729409751 0.285916262198 -0.064734868458 -0.262117867830 -0.939007617166 -0.212998392188
97 -0.176516035318 -0.398257091561 0.285916700978 0.092451928777 0.253664811212 0.910763234323 0.312437410410
99 -0.326361080331 -0.288541180047 0.285916836797 0.144394526794 0.228126513440 0.823230926721 0.499398994581
100 -0.380360022915 -0.212346853998 0.285916504767 0.168033773082 0.211334086379 0.764955340459 0.584761389065
101 -0.416884927167 -0.126386263953 0.285916432264 0.189709813534 0.192104082773 0.697860748260 0.663397757057
102 -0.434246959840 -0.034609542654 0.285916782933 0.209198955413 0.170661068112 0.622718173511 0.734392724137
103 -0.431643049515 0.058746131713 0.285916721072 0.226295584946 0.147250297583 0.540407149536 0.796911394589
104 -0.409199869584 0.149400570105 0.285916743416 0.240786932199 0.122139612247 0.451869360074 0.850245640876
